894858
672656
281780
975500
296491
674745
242633
955477
486397
342654
254780
655075
932841
165432
778737
359955
731777
833972
886257
474639
292777
761892
381101
523123
582192
430480
295319
872042
189195
871409
811731
822413
811113
751998
723513
987091
726338
686882
587677
623697
819348
470250
700177
79354
529936
739270
163953
123432
477467
838545
72206
523104
753951
109092
429305
712472
803177
429258
57478
818588
122478
611506
921399
26346
201409
88270
91335
975404
541102
637096
134235
757473
592214
651205
804145
852093
484871
262543
136523
516615
2556
835542
604427
335612
3024
705517
